23.0, 14.0, 24.0, 17.0, 27.0, 35.0, 25.0, 20.0, 18.0, 19.0, 31.0
0, 0, 0, 0, 0, 0, 0, 0, 0, 0, 0
29.0, 25.0, 36.0, 28.0, 43.0, 42.0, 40.0, 34.0, 37.0, 36.0, 41.0
688, 563, 1031, 902, 1297, 2156, 2047, 4979, 5329, 10164, 12265
28.0, 20.0, 36.0, 24.0, 36.0, 42.0, 36.0, 29.0, 28.0, 36.0, 30.0
0, 0, 0, 0, 0, 0, 0, 0, 0, 0, 0
29.0, 25.0, 36.0, 28.0, 43.0, 42.0, 40.0, 35.0, 37.0, 36.0, 41.0
93, 140, 297, 635, 1218, 2624, 5641, 28196, 64297, 127573, 243620

23.0, 23.0, 25.0, 23.0, 19.0, 28.0, 21.0, 30.0, 17.0, 18.0, 24.0
0, 0, 0, 0, 0, 0, 0, 0, 0, 0, 0
36.0, 31.0, 35.0, 36.0, 28.0, 42.0, 35.0, 36.0, 31.0, 36.0, 42.0
1211, 1653, 1648, 2398, 2845, 4229, 4363, 7170, 8946, 9578, 13882
36.0, 30.0, 33.0, 34.0, 27.0, 35.0, 33.0, 32.0, 29.0, 34.0, 29.0
1, 0, 0, 0, 0, 0, 0, 0, 0, 0, 0
36.0, 31.0, 35.0, 36.0, 28.0, 42.0, 35.0, 36.0, 31.0, 36.0, 42.0
211, 216, 525, 1643, 3751, 6412, 13498, 36267, 72932, 149822, 284603

28.0, 22.0, 20.0, 19.0, 25.0, 22.0, 27.0, 23.0, 24.0, 30.0, 19.0
0, 0, 0, 0, 0, 0, 0, 0, 0, 0, 0
32.0, 31.0, 29.0, 28.0, 46.0, 41.0, 37.0, 37.0, 36.0, 39.0, 42.0
1807, 698, 1634, 1822, 3495, 3390, 5965, 6350, 5880, 8110, 13367
32.0, 25.0, 25.0, 26.0, 44.0, 37.0, 34.0, 35.0, 32.0, 35.0, 32.0
0, 0, 0, 0, 0, 0, 0, 0, 0, 0, 0
32.0, 31.0, 29.0, 28.0, 46.0, 41.0, 37.0, 37.0, 36.0, 39.0, 42.0
209, 241, 530, 1324, 2987, 6726, 12678, 26520, 56402, 108348, 237610

15.0, 24.0, 23.0, 11.0, 18.0, 26.0, 17.0, 21.0, 18.0, 15.0, 22.0
0, 0, 0, 0, 0, 0, 0, 0, 0, 0, 0
26.0, 30.0, 29.0, 29.0, 27.0, 34.0, 25.0, 34.0, 37.0, 39.0, 32.0
1268, 982, 1056, 2106, 1809, 3143, 5570, 7922, 8541, 10564, 15830
25.0, 25.0, 29.0, 24.0, 24.0, 34.0, 25.0, 34.0, 33.0, 34.0, 23.0
0, 0, 0, 0, 0, 0, 0, 0, 0, 1, 1
26.0, 30.0, 29.0, 29.0, 27.0, 34.0, 25.0, 34.0, 37.0, 39.0, 32.0
256, 225, 767, 1218, 2691, 6343, 17381, 36599, 76672, 165240, 365834

22.0, 15.0, 24.0, 23.0, 25.0, 17.0, 21.0, 19.0, 17.0, 27.0, 33.0
0, 0, 0, 0, 0, 0, 0, 0, 0, 0, 0
33.0, 32.0, 33.0, 37.0, 38.0, 26.0, 36.0, 33.0, 31.0, 41.0, 50.0
1585, 1342, 2531, 2524, 3067, 4118, 6391, 5713, 6570, 12261, 19036
30.0, 32.0, 25.0, 25.0, 32.0, 22.0, 28.0, 33.0, 30.0, 36.0, 46.0
0, 0, 1, 0, 0, 0, 0, 0, 15, 0, 0
33.0, 32.0, 33.0, 37.0, 38.0, 26.0, 36.0, 33.0, 31.0, 41.0, 50.0
248, 450, 1047, 1775, 3786, 8696, 17427, 38434, 74465, 152912, 304471

19.0, 27.0, 23.0, 13.0, 23.0, 21.0, 16.0, 27.0, 25.0, 18.0, 23.0
1, 0, 0, 0, 0, 0, 0, 0, 0, 0, 0
32.0, 30.0, 37.0, 32.0, 30.0, 33.0, 37.0, 42.0, 40.0, 35.0, 33.0
1172, 1051, 2057, 2780, 3013, 3821, 6230, 10772, 11393, 11922, 12222
32.0, 30.0, 32.0, 31.0, 27.0, 31.0, 36.0, 35.0, 39.0, 31.0, 28.0
0, 0, 0, 0, 0, 0, 0, 0, 0, 0, 0
32.0, 30.0, 37.0, 32.0, 30.0, 33.0, 37.0, 42.0, 40.0, 35.0, 33.0
281, 426, 670, 1849, 3547, 8068, 16956, 36927, 75291, 155663, 310747

21.0, 26.0, 31.0, 15.0, 16.0, 23.0, 14.0, 19.0, 24.0, 28.0, 30.0
0, 0, 0, 0, 0, 0, 0, 0, 0, 0, 0
33.0, 32.0, 44.0, 26.0, 39.0, 34.0, 30.0, 39.0, 41.0, 42.0, 47.0
1312, 1035, 2579, 2211, 2848, 3595, 6031, 4695, 10267, 14336, 15130
33.0, 22.0, 44.0, 25.0, 32.0, 32.0, 28.0, 34.0, 37.0, 36.0, 40.0
0, 1, 1, 0, 0, 0, 0, 1, 0, 0, 0
33.0, 32.0, 44.0, 26.0, 39.0, 34.0, 30.0, 39.0, 41.0, 42.0, 47.0
217, 205, 586, 1457, 3876, 7951, 16535, 33870, 76064, 152159, 324242

24.0, 23.0, 17.0, 18.0, 15.0, 20.0, 19.0, 23.0, 15.0, 23.0, 18.0
0, 0, 0, 0, 0, 0, 0, 0, 0, 0, 0
30.0, 37.0, 25.0, 28.0, 35.0, 33.0, 33.0, 39.0, 39.0, 34.0, 34.0
1272, 1719, 1094, 1338, 3630, 4652, 3031, 8079, 7273, 9697, 11199
26.0, 36.0, 24.0, 24.0, 35.0, 27.0, 30.0, 29.0, 36.0, 27.0, 33.0
0, 0, 0, 1, 0, 0, 0, 0, 0, 0, 0
30.0, 37.0, 25.0, 28.0, 35.0, 33.0, 33.0, 39.0, 39.0, 34.0, 34.0
222, 280, 779, 1897, 4012, 8658, 16905, 36572, 72079, 149372, 331791

12.0, 16.0, 19.0, 18.0, 15.0, 24.0, 22.0, 19.0, 13.0, 28.0, 34.0
0, 0, 0, 0, 0, 0, 0, 0, 0, 0, 0
26.0, 27.0, 35.0, 29.0, 31.0, 38.0, 39.0, 36.0, 32.0, 41.0, 47.0
465, 724, 648, 870, 1110, 1417, 2101, 2405, 2937, 3624, 5108
22.0, 25.0, 34.0, 26.0, 28.0, 35.0, 29.0, 30.0, 30.0, 38.0, 45.0
0, 0, 0, 0, 0, 0, 0, 0, 0, 0, 0
26.0, 27.0, 35.0, 29.0, 31.0, 38.0, 39.0, 36.0, 32.0, 41.0, 47.0
94, 141, 304, 622, 1336, 2721, 6594, 12554, 26182, 56220, 116644

29.0, 27.0, 30.0, 29.0, 32.0, 24.0, 21.0, 19.0, 31.0, 16.0, 30.0
0, 0, 0, 0, 0, 0, 0, 0, 0, 0, 0
33.0, 38.0, 38.0, 40.0, 36.0, 41.0, 35.0, 37.0, 42.0, 35.0, 42.0
1016, 765, 859, 1375, 1530, 2031, 2453, 3062, 4437, 4624, 6608
29.0, 33.0, 32.0, 34.0, 32.0, 33.0, 30.0, 34.0, 39.0, 29.0, 38.0
0, 0, 0, 0, 0, 0, 0, 0, 0, 15, 0
33.0, 38.0, 38.0, 40.0, 36.0, 41.0, 35.0, 37.0, 42.0, 35.0, 42.0
94, 156, 266, 625, 1250, 2702, 5483, 12809, 25197, 52555, 116144

20.0, 27.0, 17.0, 19.0, 21.0, 22.0, 18.0, 22.0, 18.0, 29.0, 20.0
0, 0, 0, 0, 0, 0, 0, 0, 0, 0, 0
24.0, 32.0, 32.0, 31.0, 28.0, 37.0, 26.0, 28.0, 28.0, 40.0, 32.0
547, 625, 609, 788, 1109, 1453, 1249, 2015, 2546, 2953, 3828
22.0, 30.0, 28.0, 25.0, 24.0, 32.0, 25.0, 26.0, 25.0, 37.0, 28.0
0, 0, 0, 0, 0, 0, 0, 0, 0, 0, 0
24.0, 32.0, 32.0, 31.0, 28.0, 37.0, 26.0, 28.0, 28.0, 40.0, 32.0
78, 141, 297, 640, 1312, 2750, 5890, 12497, 24541, 51440, 116128

28.0, 18.0, 14.0, 20.0, 16.0, 13.0, 13.0, 25.0, 26.0, 23.0, 24.0
0, 0, 0, 0, 0, 0, 0, 0, 0, 0, 0
34.0, 27.0, 27.0, 33.0, 31.0, 33.0, 30.0, 35.0, 39.0, 36.0, 35.0
656, 656, 641, 890, 1062, 1516, 1891, 2406, 3281, 3436, 4155
31.0, 26.0, 27.0, 30.0, 30.0, 31.0, 29.0, 28.0, 35.0, 29.0, 35.0 
0, 0, 0, 0, 0, 0, 0, 0, 0, 16, 0
34.0, 27.0, 27.0, 33.0, 31.0, 33.0, 30.0, 35.0, 39.0, 36.0, 35.0
94, 140, 297, 578, 1281, 2561, 5373, 11372, 24182, 51123, 121467

24.0, 23.0, 16.0, 15.0, 19.0, 19.0, 33.0, 24.0, 23.0, 15.0, 29.0
0, 0, 0, 0, 0, 0, 0, 0, 0, 0, 0
30.0, 33.0, 26.0, 33.0, 35.0, 34.0, 41.0, 36.0, 35.0, 31.0, 46.0
614, 676, 628, 854, 1035, 1307, 1786, 2222, 2364, 3379, 4471
30.0, 26.0, 26.0, 31.0, 29.0, 30.0, 40.0, 32.0, 31.0, 21.0, 45.0
0, 0, 0, 0, 0, 0, 0, 0, 0, 0, 0
30.0, 33.0, 26.0, 33.0, 36.0, 34.0, 41.0, 36.0, 35.0, 31.0, 46.0
140, 144, 297, 641, 1375, 2797, 6184, 12638, 26690, 58813, 117000

19.0, 21.0, 20.0, 27.0, 19.0, 22.0, 24.0, 22.0, 16.0, 26.0, 22.0
0, 0, 0, 0, 0, 0, 0, 0, 0, 0, 0
30.0, 30.0, 33.0, 39.0, 26.0, 40.0, 35.0, 38.0, 36.0, 39.0, 42.0
641, 785, 914, 1210, 1368, 1840, 2196, 3098, 3834, 4056, 5182
26.0, 27.0, 27.0, 31.0, 25.0, 36.0, 30.0, 29.0, 32.0, 37.0, 41.0
0, 0, 0, 0, 0, 0, 0, 0, 0, 0, 0
30.0, 30.0, 33.0, 39.0, 26.0, 40.0, 35.0, 38.0, 36.0, 39.0, 42.0
125, 156, 312, 645, 1351, 2858, 5833, 12374, 28610, 57913, 119138

23.0, 18.0, 15.0, 13.0, 25.0, 25.0, 20.0, 16.0, 18.0, 25.0, 24.0
0, 0, 0, 0, 0, 0, 0, 0, 0, 0, 0
29.0, 27.0, 27.0, 28.0, 38.0, 38.0, 34.0, 32.0, 40.0, 35.0, 44.0
1068, 1539, 1510, 2564, 3597, 4309, 4646, 8047, 9523, 11189, 17200
24.0, 27.0, 25.0, 27.0, 30.0, 30.0, 34.0, 24.0, 34.0, 27.0, 41.0
0, 0, 0, 0, 0, 0, 0, 0, 0, 0, 1
29.0, 27.0, 27.0, 28.0, 38.0, 38.0, 34.0, 32.0, 40.0, 35.0, 44.0
201, 394, 784, 2280, 3671, 8600, 18296, 38975, 79890, 160362, 341885

27.0, 29.0, 27.0, 23.0, 15.0, 24.0, 30.0, 25.0, 16.0, 14.0, 28.0
0, 0, 0, 0, 0, 0, 0, 0, 0, 0, 0
32.0, 34.0, 30.0, 36.0, 29.0, 34.0, 36.0, 40.0, 33.0, 44.0, 37.0
1381, 1228, 1800, 2450, 3645, 4628, 5659, 6652, 7806, 11105, 14531
29.0, 32.0, 29.0, 29.0, 26.0, 27.0, 28.0, 30.0, 33.0, 41.0, 35.0
0, 0, 0, 0, 0, 0, 0, 0, 1, 0, 0
32.0, 34.0, 30.0, 36.0, 29.0, 34.0, 36.0, 40.0, 33.0, 44.0, 37.0
307, 289, 1053, 1471, 4355, 7608, 17441, 35387, 75878, 153287, 321898

15.0, 22.0, 25.0, 30.0, 32.0, 22.0, 25.0, 28.0, 20.0, 18.0, 16.0
0, 0, 0, 0, 0, 0, 0, 0, 0, 0, 0
26.0, 30.0, 35.0, 33.0, 40.0, 32.0, 35.0, 39.0, 37.0, 38.0, 42.0
1528, 1657, 2649, 3908, 4211, 3986, 6963, 8476, 10332, 13760, 16052
23.0, 26.0, 30.0, 30.0, 29.0, 28.0, 29.0, 29.0, 34.0, 30.0, 37.0
1, 0, 0, 1, 0, 0, 0, 0, 0, 0, 1
26.0, 30.0, 35.0, 33.0, 40.0, 32.0, 35.0, 39.0, 37.0, 38.0, 42.0
303, 414, 976, 2109, 4069, 8895, 18716, 37905, 80355, 163073, 346647

22.0, 27.0, 16.0, 33.0, 17.0, 20.0, 29.0, 6.0, 20.0, 31.0, 26.0
0, 0, 0, 0, 0, 0, 0, 0, 0, 0, 0
32.0, 41.0, 26.0, 40.0, 32.0, 43.0, 37.0, 33.0, 33.0, 41.0, 44.0
1659, 2074, 2656, 3907, 4684, 6853, 6943, 8903, 12711, 14072, 15694
29.0, 36.0, 25.0, 37.0, 30.0, 42.0, 31.0, 29.0, 30.0, 36.0, 38.0
1, 0, 0, 0, 0, 0, 0, 7, 0, 0, 0
32.0, 41.0, 26.0, 40.0, 32.0, 43.0, 37.0, 33.0, 33.0, 41.0, 44.0
238, 411, 819, 1963, 4049, 8447, 17809, 37349, 79379, 158106, 314769

21.0, 25.0, 25.0, 20.0, 24.0, 19.0, 19.0, 24.0, 21.0, 24.0, 28.0
0, 0, 0, 0, 0, 0, 0, 0, 0, 0, 0
30.0, 29.0, 37.0, 37.0, 37.0, 27.0, 36.0, 38.0, 35.0, 37.0, 47.0
1752, 1472, 2708, 3708, 5077, 6498, 8419, 10704, 13565, 15908, 16776
27.0, 29.0, 34.0, 31.0, 33.0, 25.0, 32.0, 32.0, 30.0, 31.0, 42.0
0, 0, 0, 0, 0, 4, 0, 0, 0, 0, 16
30.0, 29.0, 37.0, 37.0, 37.0, 27.0, 36.0, 38.0, 35.0, 37.0, 47.0
181, 457, 924, 1679, 4079, 8397, 17895, 37430, 78211, 158367, 303119









